50003
50004
50005
50006
50007
50008
50010
50011
50012
50013
50014
50015
50016
50020
50022
50023
50024
50025
50026
50027
50028
50030
50031
50032
50033
50034
50035
50036
50037
50038
50039
50040
50041
50042
50043
50044
50045
50046
50047
50048
50049
50050
50051
50052
50053
50054
50056
50057
50059
50060
50102
50103
50104
50105
50106
50107
50109
50111
50112
50113
50114
50115
50116
50117
50118
50119
50121
50123
50124
50125
50127
50128
50129
50130
50131
50132
50134
50135
50142
50143
50144
50145
50146
50147
50148
50149
50150
50152
50153
50156
50157
50158
50159
50160
50161
50162
50163
50164
50167
50168
50169
50170
50171
50182
50183
50184
50186
50187
50188
50189
50190
50193
50194
50195
50196
50198
50199
50200
50201
50202
50203
50204
50205
50206
50208
50210
50213
50214
50215
50217
50232
50233
50234
50236
50237
50239
50240
50241
50243
50245
50247
50248
50249
50250
50251
50252
50253
50254
50255
50257
50259
50260
50261
50262
50263
50264
50265
50266
50267
50268
50269
50270
50271
50272
50273
50274
50275
50276
50278
50282
50284
50285
50287
50289
50290
50291
50292
50293
50294
50295
50297
50298
50300
50301
50302
50304
50308
50310
50312
50314
50315
50318
50319
50320
50321
50324
50325
50327
50329
50330
